{
  "keyframes": [
    {
      "matrix": "[-0.6909229224776604,-0.7229284302024154,-1.6653345369377346e-16,0,0.3339839408522031,-0.31919779446161733,0.886886404937899,0,-0.6411553964896193,0.612770146805399,0.4619875590709439,0,-1.3649003885881708,1.0665413821028678,0.8025739867252748,1]",
      "fov": 50,
      "aspect": 1,
      "properties": "[[\"FOV\",50],[\"NAME\",\"Camera 0\"],[\"TIME\",0]]"
    },
    {
      "matrix": "[0.007749348324612493,-0.9999699733494722,-3.885780586188048e-16,0,0.36116529237787276,0.002798879694378642,0.9324976127873263,0,-0.9324696130073891,-0.0072262488133590375,0.36117613728752596,0,-1.1222982524653256,-0.11812605860860079,0.2837887044264319,1]",
      "fov": 50,
      "aspect": 1,
      "properties": "[[\"FOV\",50],[\"NAME\",\"Camera 1\"],[\"TIME\",0.16666666666666669]]"
    },
    {
      "matrix": "[0.7176381900123397,-0.6964161315160735,1.1102230246251565e-16,0,0.20000681849064333,0.20610167501330942,0.9578723151411982,0,-0.6670777321969784,-0.6874057545008588,0.2871944078251542,0,-0.8193222436581525,-0.9086932499987365,0.18975970128571923,1]",
      "fov": 50,
      "aspect": 1,
      "properties": "[[\"FOV\",50],[\"NAME\",\"Camera 2\"],[\"TIME\",0.33333333333333337]]"
    },
    {
      "matrix": "[0.9228168608478229,-0.38523894057450864,0,0,0.08312758413819576,0.1991271602239193,0.9764415900690142,0,-0.3761633236910757,-0.9010767629487444,0.2157818833532955,0,-0.27195776071886624,-0.7116964439051857,-0.011172438648374972,1]",
      "fov": 50,
      "aspect": 1,
      "properties": "[[\"FOV\",50],[\"NAME\",\"Camera 3\"],[\"TIME\",0.5000000000000001]]"
    },
    {
      "matrix": "[0.4259351050327025,0.904753715825904,0,0,-0.2865748855132117,0.13491218861630205,0.9485112209962774,0,0.8581690516989472,-0.40400422653974627,0.3167435297589377,0,1.6979053576798047,-0.31277969087388174,0.5477346129977444,1]",
      "fov": 50,
      "aspect": 1,
      "properties": "[[\"FOV\",50],[\"NAME\",\"Camera 4\"],[\"TIME\",0.6666666666666667]]"
    },
    {
      "matrix": "[-0.9185928232613119,0.39520529481879757,0,0,0.0008019166954804645,0.001863929787832008,0.9999979413455607,0,0.395204481227663,0.9185909321961182,-0.00202911425022334,0,0.5955359424341231,0.6120281351010322,-0.038333810641256405,1]",
      "fov": 50,
      "aspect": 1,
      "properties": "[[\"FOV\",50],[\"NAME\",\"Camera 5\"],[\"TIME\",0.8333333333333334]]"
    },
    {
      "matrix": "[-0.6376324787488867,-0.770340718153046,-1.1102230246251565e-16,0,0.2334931455941507,-0.1932687831340809,0.9529575690587805,0,-0.7341020181181217,0.6076366969014635,0.3031037307153766,0,-1.263498121246191,0.5776369247190257,0.3557353767082628,1]",
      "fov": 50,
      "aspect": 1,
      "properties": "[[\"FOV\",50],[\"NAME\",\"Camera 6\"],[\"TIME\",1]]"
    }
  ],
  "render_height": 1080,
  "render_width": 1920,
  "camera_path": [
    {
      "camera_to_world": [
        -0.6909229224776605,
        0.3339839408522032,
        -0.6411553964896193,
        -1.3649003885881708,
        -0.7229284302024156,
        -0.31919779446161745,
        0.612770146805399,
        1.0665413821028678,
        -8.326672684688674e-17,
        0.886886404937899,
        0.46198755907094397,
        0.8025739867252748,
        0,
        0,
        0,
        1
      ],
      "fov": 50,
      "aspect": 1
    },
    {
      "camera_to_world": [
        -0.6835267549883352,
        0.3366207882425705,
        -0.6476709196328541,
        -1.3613687671099868,
        -0.7299246196386537,
        -0.3165680347990317,
        0.6058008988016159,
        1.0492236857132673,
        -0.0011067341519965526,
        0.8868320721909135,
        0.46209052237963844,
        0.7949638594879286,
        0,
        0,
        0,
        1
      ],
      "fov": 50,
      "aspect": 1
    },
    {
      "camera_to_world": [
        -0.6759358624759908,
        0.33924889631823835,
        -0.6542330595175512,
        -1.3578494238144068,
        -0.7369572246441892,
        -0.3137835817973845,
        0.5986935049247972,
        1.0318258414946417,
        -0.0021814819670434027,
        0.8868201904226478,
        0.4621095010873139,
        0.7872673499311148,
        0,
        0,
        0,
        1
      ],
      "fov": 50,
      "aspect": 1
    },
    {
      "camera_to_world": [
        -0.6681526722533281,
        0.34186285135187205,
        -0.6608341678714144,
        -1.3543417969545144,
        -0.7440172182495296,
        -0.31084575376104795,
        0.5914501638489569,
        1.0143515163411303,
        -0.003222655577108379,
        0.8868510067842816,
        0.46204426871971643,
        0.7794884101870968,
        0,
        0,
        0,
        1
      ],
      "fov": 50,
      "aspect": 1
    },
    {
      "camera_to_world": [
        -0.6601799880480611,
        0.34445719669104397,
        -0.6674665707199194,
        -1.3508453247833927,
        -0.7510955340572198,
        -0.3077561993754726,
        0.5840733005927117,
        0.9968043771468712,
        -0.004228723230691595,
        0.8869246650047069,
        0.46189474613392867,
        0.7716309923881378,
        0,
        0,
        0,
        1
      ],
      "fov": 50,
      "aspect": 1
    },
    {
      "camera_to_world": [
        -0.6520209893920335,
        0.3470264581735993,
        -0.6741225902754787,
        -1.3473594455541258,
        -0.7581830965745802,
        -0.3045169014897456,
        0.5765655632932527,
        0.9791880908060026,
        -0.00519821708040641,
        0.8870412019937809,
        0.4616610060473088,
        0.7636990486665011,
        0,
        0,
        0,
        1
      ],
      "fov": 50,
      "aspect": 1
    },
    {
      "camera_to_world": [
        -0.6436792285133702,
        0.3495651702702476,
        -0.6807945670423386,
        -1.3438835975197965,
        -0.7652708520901307,
        -0.30113017870876185,
        0.5689298185295572,
        0.9615063242126627,
        -0.006129740751307901,
        0.8872005450881789,
        0.46134327682709314,
        0.7556965311544497,
        0,
        0,
        0,
        1
      ],
      "fov": 50,
      "aspect": 1
    },
    {
      "camera_to_world": [
        -0.6351586246875671,
        0.3520679027219892,
        -0.6874748819832898,
        -1.3404172189334889,
        -0.7723497998505405,
        -0.29759868471876555,
        0.561169145199993,
        0.9437627442609903,
        -0.007021976632562682,
        0.887402509984393,
        0.46094194549592793,
        0.7476273919842469,
        0,
        0,
        0,
        1
      ],
      "fov": 50,
      "aspect": 1
    },
    {
      "camera_to_world": [
        -0.6264634560322189,
        0.35452928742740286,
        -0.6941559785901048,
        -1.336959748048286,
        -0.779411023284436,
        -0.2939254052969107,
        0.5532868269747212,
        0.9259610178451234,
        -0.007873692836053575,
        0.887646799395607,
        0.46045755991606724,
        0.739495583288156,
        0,
        0,
        0,
        1
      ],
      "fov": 50,
      "aspect": 1
    },
    {
      "camera_to_world": [
        -0.6175983487600056,
        0.3569440453259272,
        -0.7008303846975222,
        -1.3335106231172713,
        -0.7864457210125134,
        -0.2901136529839839,
        0.5452863433586032,
        0.9081048118592009,
        -0.008683749767366548,
        0.8879330024605748,
        0.4598908301231139,
        0.7313050571984401,
        0,
        0,
        0,
        1
      ],
      "fov": 50,
      "aspect": 1
    },
    {
      "camera_to_world": [
        -0.6085682639350396,
        0.3593070130183545,
        -0.707490733880607,
        -1.330069282393529,
        -0.7934452373803784,
        -0.28616705942898363,
        0.5371713594153765,
        0.8901977931973607,
        -0.009451106257319044,
        0.8882605949233573,
        0.45924262878887473,
        0.7230597658473625,
        0,
        0,
        0,
        1
      ],
      "fov": 50,
      "aspect": 1
    },
    {
      "camera_to_world": [
        -0.5993784818081541,
        0.36161316886502387,
        -0.7141297862775002,
        -1.3266351641301415,
        -0.8004010922514945,
        -0.28208956544427777,
        0.5289457142184567,
        0.8722436287537414,
        -0.010174825205725574,
        0.8886289400930258,
        0.4585139908020022,
        0.7147636613671864,
        0,
        0,
        0,
        1
      ],
      "fov": 50,
      "aspect": 1
    },
    {
      "camera_to_world": [
        -0.5900345838365698,
        0.3638576583057638,
        -0.7207404486838879,
        -1.323207706580193,
        -0.807305009802691,
        -0.2778854088399407,
        0.5206134081075284,
        0.8542459854224811,
        -0.01085407869341623,
        0.8890372905824059,
        0.45770611196444827,
        0.7064206958901751,
        0,
        0,
        0,
        1
      ],
      "fov": 50,
      "aspect": 1
    },
    {
      "camera_to_world": [
        -0.5805424325220303,
        0.36603581815346875,
        -0.727315793771952,
        -1.3197863479967664,
        -0.814148946073751,
        -0.2735591101349857,
        0.5121785888429498,
        0.8362085300977186,
        -0.011488152523557756,
        0.889484790814815,
        0.45682034681121636,
        0.6980348215485915,
        0,
        0,
        0,
        1
      ],
      "fov": 50,
      "aspect": 1
    },
    {
      "camera_to_world": [
        -0.5709081492283415,
        0.3681431996252164,
        -0.7338490782949705,
        -1.316370526632946,
        -0.8209251150356085,
        -0.26911545627094147,
        0.5036455367615759,
        0.8181349296735919,
        -0.012076450158994723,
        0.8899704802777402,
        0.45585820557029144,
        0.6896099904746993,
        0,
        0,
        0,
        1
      ],
      "fov": 50,
      "aspect": 1
    },
    {
      "camera_to_world": [
        -0.5611380901637774,
        0.37017558989078886,
        -0.7403337601489987,
        -1.3129596807418145,
        -0.8276260129583453,
        -0.26455948247898253,
        0.4950186490478173,
        0.8000288510442398,
        -0.012618496028521112,
        0.8904932974927208,
        0.45482135028879067,
        0.6811501548007612,
        0,
        0,
        0,
        1
      ],
      "fov": 50,
      "aspect": 1
    },
    {
      "camera_to_world": [
        -0.5512388207354851,
        0.37212903193806357,
        -0.7467635141749972,
        -1.3095532485764558,
        -0.8342444408802019,
        -0.25989645247508575,
        0.4863024232423122,
        0.7818939611038002,
        -0.01311393818161408,
        0.8910520846615562,
        0.4537115901601629,
        0.6726592666590407,
        0,
        0,
        0,
        1
      ],
      "fov": 50,
      "aspect": 1
    },
    {
      "camera_to_world": [
        -0.5412170885014528,
        0.3739998425775427,
        -0.7531322465981548,
        -1.306150668389953,
        -0.840773525001808,
        -0.2551318371779493,
        0.4775014401174501,
        0.7637339267464119,
        -0.013562550278067301,
        0.8916455929404786,
        0.4525308760955182,
        0.6641412781818011,
        0,
        0,
        0,
        1
      ],
      "fov": 50,
      "aspect": 1
    },
    {
      "camera_to_world": [
        -0.5310797949604064,
        0.37578462843384336,
        -0.7594341080157324,
        -1.3027513784353901,
        -0.8472067348552885,
        -0.2502712921613071,
        0.46862034605397873,
        0.7455524148662129,
        -0.013964232906033523,
        0.8922724882863686,
        0.45128129458974714,
        0.6556001415013057,
        0,
        0,
        0,
        1
      ],
      "fov": 50,
      "aspect": 1
    },
    {
      "camera_to_world": [
        -0.5208339664309625,
        0.3774802997996705,
        -0.7656635048602891,
        -1.2993548169658504,
        -0.8535378991253396,
        -0.24532063406546198,
        0.45966383505603464,
        0.7273530923573419,
        -0.014319014229091796,
        0.8929313578124976,
        0.44996506093988725,
        0.6470398087498173,
        0,
        0,
        0,
        1
      ],
      "fov": 50,
      "aspect": 1
    },
    {
      "camera_to_world": [
        -0.5104867242782659,
        0.379084082257081,
        -0.7718151092813306,
        -1.2959604222344172,
        -0.85976121902818,
        -0.2402858162021442,
        0.4506366305431097,
        0.7091396261139371,
        -0.01462704996995362,
        0.8936207165858322,
        0.4485845118790888,
        0.6384642320595996,
        0,
        0,
        0,
        1
      ],
      "fov": 50,
      "aspect": 1
    },
    {
      "camera_to_world": [
        -0.5000452547491757,
        0.3805935260010761,
        -0.7778838674049617,
        -1.292567632494174,
        -0.8658712791839117,
        -0.2351729035920753,
        0.441543467056743,
        0.6909156830301372,
        -0.014888622745191957,
        0.8943390147936859,
        0.44714209769446955,
        0.6298773635629153,
        0,
        0,
        0,
        1
      ],
      "fov": 50,
      "aspect": 1
    },
    {
      "camera_to_world": [
        -0.48951677867581517,
        0.38200651283108034,
        -0.7838650059477656,
        -1.2891758859982045,
        -0.8718630559476636,
        -0.2299880476758413,
        0.4323890720171548,
        0.67268493000008,
        -0.015104140771798197,
        0.895084645204515,
        0.4456403739010337,
        0.6212831553920279,
        0,
        0,
        0,
        1
      ],
      "fov": 50,
      "aspect": 1
    },
    {
      "camera_to_world": [
        -0.47890852130214584,
        0.38332126080608914,
        -0.7897540371775396,
        -1.2857846209995918,
        -0.8777319231943721,
        -0.22473746093598315,
        0.4231781476607181,
        0.6544510339179042,
        -0.01527413597233046,
        0.8958559508459369,
        0.4440819925466706,
        0.6126855596792007,
        0,
        0,
        0,
        1
      ],
      "fov": 50,
      "aspect": 1
    },
    {
      "camera_to_world": [
        -0.46822768247932944,
        0.38453632658855325,
        -0.7955467622294857,
        -1.2823932757514198,
        -0.883473655580605,
        -0.2194273916617377,
        0.4139153532832154,
        0.6362176616777482,
        -0.015399261510825765,
        0.8966512328226109,
        0.44246969322498614,
        0.6040885285566967,
        0,
        0,
        0,
        1
      ],
      "fov": 50,
      "aspect": 1
    },
    {
      "camera_to_world": [
        -0.4574814074633621,
        0.38565060552991276,
        -0.8012392728016726,
        -1.2790012885067714,
        -0.8890844293339755,
        -0.21406409907791543,
        0.4046052879064232,
        0.6179884801737504,
        -0.015480288796417357,
        0.8974687581973937,
        0.440806293873406,
        0.5954960141567792,
        0,
        0,
        0,
        1
      ],
      "fov": 50,
      "aspect": 1
    },
    {
      "camera_to_world": [
        -0.4466767585330955,
        0.3866633295765657,
        -0.8068279512678839,
        -1.275608097518731,
        -0.8945608206459446,
        -0.20865382904629112,
        0.3952524734768592,
        0.5997671563000491,
        -0.015518103995682764,
        0.8983067678611161,
        0.43909468143362196,
        0.5869119686117116,
        0,
        0,
        0,
        1
      ],
      "fov": 50,
      "aspect": 1
    },
    {
      "camera_to_world": [
        -0.4358206876287902,
        0.3875740630985633,
        -0.8123094692591238,
        -1.2722131410403812,
        -0.8998998017668,
        -0.2032027905320281,
        0.38586133869574335,
        0.5815573569507827,
        -0.01551370409808453,
        0.8991634843193242,
        0.43733780245010784,
        0.578340344053757,
        0,
        0,
        0,
        1
      ],
      "fov": 50,
      "aspect": 1
    },
    {
      "camera_to_world": [
        -0.42492001019116954,
        0.3883826967641143,
        -0.817680784776902,
        -1.2688158573248058,
        -0.9050987349219972,
        -0.1977171330094969,
        0.37643620356855306,
        0.5633627490200896,
        -0.015468192581444804,
        0.9000371193282746,
        0.4355386536801578,
        0.5697850926151785,
        0,
        0,
        0,
        1
      ],
      "fov": 50,
      "aspect": 1
    },
    {
      "camera_to_world": [
        -0.4139813803590878,
        0.389089439600796,
        -0.8229391379118645,
        -1.2654156846250884,
        -0.9101553641866356,
        -0.19220292496185445,
        0.36698126475121406,
        0.5451869994021082,
        -0.015382774726206031,
        0.9009258813172403,
        0.43370027278579903,
        0.5612501664282394,
        0,
        0,
        0,
        1
      ],
      "fov": 50,
      "aspect": 1
    },
    {
      "camera_to_world": [
        -0.40301126766085127,
        0.38969480939903967,
        -0.8280820452502516,
        -1.2620120611943122,
        -0.9150678054694215,
        -0.18666613360740766,
        0.35750058175818206,
        0.5270337749909767,
        -0.015258752628278336,
        0.9018279825396347,
        0.4318257291740748,
        0.552739517625203,
        0,
        0,
        0,
        1
      ],
      "fov": 50,
      "aspect": 1
    },
    {
      "camera_to_world": [
        -0.3920159353104462,
        0.3901996216249045,
        -0.8331072930580175,
        -1.258604425285561,
        -0.9198345347690071,
        -0.18111260596359158,
        0.34799806408565154,
        0.5089067426808336,
        -0.01509751996059061,
        0.9027416459014496,
        0.42991811504771626,
        0.5442570983383322,
        0,
        0,
        0,
        1
      ],
      "fov": 50,
      "aspect": 1
    },
    {
      "camera_to_world": [
        -0.38100142019589484,
        0.39060497701734986,
        -0.8380129293381975,
        -1.255192215151918,
        -0.9244543748740203,
        -0.17554805133680598,
        0.33847745929106526,
        0.4908095693658176,
        -0.014900556533091528,
        0.9036651114218838,
        0.4279805367232001,
        0.5358068606998907,
        0,
        0,
        0,
        1
      ],
      "fov": 50,
      "aspect": 1
    },
    {
      "camera_to_world": [
        -0.36997351462310407,
        0.39091224805025293,
        -0.8427972548612896,
        -1.2517748690464667,
        -0.9289264806835247,
        -0.1699780253038286,
        0.3289423420581976,
        0.4727459219400666,
        -0.014669422699924297,
        0.9045966422876599,
        0.42601610626775893,
        0.5273927568421415,
        0,
        0,
        0,
        1
      ],
      "fov": 50,
      "aspect": 1
    },
    {
      "camera_to_world": [
        -0.3589377498553463,
        0.3911230644414154,
        -0.8474588132710269,
        -1.2483518252222912,
        -0.9332503233271565,
        -0.16440791522847156,
        0.3193961042655117,
        0.4547194672977193,
        -0.014405753660907336,
        0.9055345304692606,
        0.42402793350117535,
        0.5190187388973476,
        0,
        0,
        0,
        1
      ],
      "fov": 50,
      "aspect": 1
    },
    {
      "camera_to_world": [
        -0.3478993814662043,
        0.39123929788995654,
        -0.8519963803690755,
        -1.2449225219324735,
        -0.9374256732639559,
        -0.15884292733592503,
        0.3098419460643982,
        0.4367338723329137,
        -0.014111253702343275,
        0.906477101874023,
        0.4220191184022594,
        0.5106887589977726,
        0,
        0,
        0,
        1
      ],
      "fov": 50,
      "aspect": 1
    },
    {
      "camera_to_world": [
        -0.3368633765028044,
        0.3912630462200362,
        -0.8564089526819226,
        -1.241486397430099,
        -0.941452582536169,
        -0.15328807534716235,
        0.30028286796342624,
        0.41879280393978857,
        -0.013787690419631876,
        0.9074227210175975,
        0.419992743953883,
        0.5024067692756794,
        0,
        0,
        0,
        1
      ],
      "fov": 50,
      "aspect": 1
    },
    {
      "camera_to_world": [
        -0.3258344024366593,
        0.3911966171030719,
        -0.860695735411683,
        -1.2380428899682494,
        -0.9453313663492755,
        -0.14774817065712068,
        0.29072166390499043,
        0.4008999290124821,
        -0.013436888961252821,
        0.9083697952015946,
        0.4179518694544338,
        0.49417672186333134,
        0,
        0,
        0,
        1
      ],
      "fov": 50,
      "aspect": 1
    },
    {
      "camera_to_world": [
        -0.3148168178616648,
        0.3910425115227923,
        -0.8648561298698197,
        -1.2345914378000094,
        -0.949062584142466,
        -0.14222781402332887,
        0.2811609153118014,
        0.38305891444513274,
        -0.013060726330486768,
        0.9093167781912376,
        0.41589952431762633,
        0.4860025688929916,
        0,
        0,
        0,
        1
      ],
      "fov": 50,
      "aspect": 1
    },
    {
      "camera_to_world": [
        -0.3038146648828953,
        0.390803407137939,
        -0.8688897204890114,
        -1.2311314791784618,
        -0.9526470203050719,
        -0.1367313887163777,
        0.27160298607261096,
        0.3652734271318787,
        -0.012661125777833224,
        0.9102621733924074,
        0.41383870237686654,
        0.4778882624969235,
        0,
        0,
        0,
        1
      ],
      "fov": 50,
      "aspect": 1
    },
    {
      "camera_to_world": [
        -0.292831663125895,
        0.3904821416864912,
        -0.8727962615037105,
        -1.2276624523566904,
        -0.9560856646842713,
        -0.13126305507021363,
        0.2620500184294392,
        0.34754713396685877,
        -0.01224005131352622,
        0.9112045365325863,
        0.4117723567048633,
        0.4698377548073902,
        0,
        0,
        0,
        1
      ],
      "fov": 50,
      "aspect": 1
    },
    {
      "camera_to_world": [
        -0.2818712052842317,
        0.3900816965632634,
        -0.8765756633844796,
        -1.224183795587779,
        -0.9593796930181142,
        -0.12582674635873797,
        0.25250392972237634,
        0.3298837018442108,
        -0.011799502365925797,
        0.9121424778548031,
        0.40970339495397956,
        0.46185499795665486,
        0,
        0,
        0,
        1
      ],
      "fov": 50,
      "aspect": 1
    },
    {
      "camera_to_world": [
        -0.27093635411315525,
        0.38960518068992867,
        -0.8802279791050946,
        -1.22069494712481,
        -0.9625304474157521,
        -0.12042616591560107,
        0.24296640994281585,
        0.31228679765807377,
        -0.011341508607910307,
        0.9130746638377588,
        0.40763467521797075,
        0.45394394407698085,
        0,
        0,
        0,
        1
      ],
      "fov": 50,
      "aspect": 1
    },
    {
      "camera_to_world": [
        -0.2600298407692406,
        0.38905581478321555,
        -0.8837533903147934,
        -1.217195345220868,
        -0.9655394169940263,
        -0.11506478540636637,
        0.23343892004167285,
        0.2947600883025853,
        -0.010868124969793504,
        0.9139998184588194,
        0.4055690024112862,
        0.44610854530063115,
        0,
        0,
        0,
        1
      ],
      "fov": 50,
      "aspect": 1
    },
    {
      "camera_to_world": [
        -0.24915406438984314,
        0.3884369161134948,
        -0.8871521934810621,
        -1.2136844281290358,
        -0.9684082187664983,
        -0.10974584415630087,
        0.22392269093577608,
        0.2773072406718845,
        -0.010381426853765044,
        0.9149167240195464,
        0.4035091251580579,
        0.43835275375986915,
        0,
        0,
        0,
        1
      ],
      "fov": 50,
      "aspect": 1
    },
    {
      "camera_to_world": [
        -0.23831109280191087,
        0.38775188383243886,
        -0.890424786061099,
        -1.210161634102397,
        -0.9711385788678027,
        -0.10447234943282448,
        0.2144187231531104,
        0.2599319216601092,
        -0.009883505561458379,
        0.9158242215558513,
        0.4014577331792674,
        0.4306805215869581,
        0,
        0,
        0,
        1
      ],
      "fov": 50,
      "aspect": 1
    },
    {
      "camera_to_world": [
        -0.22750266424711124,
        0.38700418493512,
        -0.8935716527526876,
        -1.2066264013940358,
        -0.9737323141831085,
        -0.09924707757900376,
        0.20492778705591785,
        0.24263779816139805,
        -0.009376463943011282,
        0.9167212108567854,
        0.39941745516338517,
        0.423095800914161,
        0,
        0,
        0,
        1
      ],
      "fov": 50,
      "aspect": 1
    },
    {
      "camera_to_world": [
        -0.21673019000914354,
        0.386197340908974,
        -0.8965933518677451,
        -1.2030781682570344,
        -0.9761913144395955,
        -0.0940725758932482,
        0.19545042357975043,
        0.22542853706988958,
        -0.008862412272928001,
        0.9176066501173835,
        0.3973908571030012,
        0.41560254387374135,
        0,
        0,
        0,
        1
      ],
      "fov": 50,
      "aspect": 1
    },
    {
      "camera_to_world": [
        -0.20599475782941795,
        0.38533491510965406,
        -0.8994905018643804,
        -1.1995163729444773,
        -0.978517524804412,
        -0.08895116515041818,
        0.18598694542636596,
        0.20830780527972176,
        -0.008343464355198437,
        0.9184795552519494,
        0.3953804410776218,
        0.40820470259796215,
        0,
        0,
        0,
        1
      ],
      "fov": 50,
      "aspect": 1
    },
    {
      "camera_to_world": [
        -0.19529713599879295,
        0.3844205008920473,
        -0.9022637680659555,
        -1.1959404537094473,
        -0.9807129290216029,
        -0.083884942660719,
        0.17653743864879287,
        0.19127926968503328,
        -0.00782173385748891,
        0.9193389988947033,
        0.3933886444608529,
        0.40090622921908675,
        0,
        0,
        0,
        1
      ],
      "fov": 50,
      "aspect": 1
    },
    {
      "camera_to_world": [
        -0.1846377780156377,
        0.3834577105137042,
        -0.9049138495884768,
        -1.1923498488050286,
        -0.982779533109167,
        -0.0788757857648658,
        0.16710176456789097,
        0.17434659717996248,
        -0.007299330871797197,
        0.9201841091148897,
        0.3914178395286306,
        0.39371107586937826,
        0,
        0,
        0,
        1
      ],
      "fov": 50,
      "aspect": 1
    },
    {
      "camera_to_world": [
        -0.1740168277039539,
        0.382450164817697,
        -0.9074414664906871,
        -1.1887439964843038,
        -0.9847193496266998,
        -0.07392535566690918,
        0.15767956196124647,
        0.15751345465864766,
        -0.006778358696764708,
        0.921014067873253,
        0.3894703334439488,
        0.3866231946811,
        0,
        0,
        0,
        1
      ],
      "fov": 50,
      "aspect": 1
    },
    {
      "camera_to_world": [
        -0.16343412468950427,
        0.3814014836925306,
        -0.909847347154517,
        -1.185122335000357,
        -0.9865343825141087,
        -0.06903510150964737,
        0.1482702494671776,
        0.14078350901522713,
        -0.006260910834852272,
        0.9218281092463437,
        0.3875483685926559,
        0.37964653778651514,
        0,
        0,
        0,
        1
      ],
      "fov": 50,
      "aspect": 1
    },
    {
      "camera_to_world": [
        -0.15288921013670134,
        0.3803152772981469,
        -0.9121322158971303,
        -1.1814843026062716,
        -0.9882266124926284,
        -0.0642062646015728,
        0.13887302814894376,
        0.12416042714383957,
        -0.005749068195811176,
        0.9226255174443999,
        0.3856541232443048,
        0.37278505731788686,
        0,
        0,
        0,
        1
      ],
      "fov": 50,
      "aspect": 1
    },
    {
      "camera_to_world": [
        -0.14238133265428513,
        0.3791951380393344,
        -0.9142967808096667,
        -1.177829337555131,
        -0.9897979830108429,
        -0.05943988270867266,
        0.12948688416687745,
        0.10764787593862307,
        -0.005244896496301187,
        0.923405624647646,
        0.3837897125117265,
        0.3660427054074784,
        0,
        0,
        0,
        1
      ],
      "fov": 50,
      "aspect": 1
    },
    {
      "camera_to_world": [
        -0.13190945428342374,
        0.37804463326089827,
        -0.9163417218119463,
        -1.1741568781000187,
        -0.9912503867106098,
        -0.05473679432899297,
        0.12011059150904313,
        0.09124952229371619,
        -0.004750443844110025,
        0.9241678086847749,
        0.3819571895828975,
        0.3594234341875531,
        0,
        0,
        0,
        1
      ],
      "fov": 50,
      "aspect": 1
    },
    {
      "camera_to_world": [
        -0.12147225648770867,
        0.37686729863276036,
        -0.9182676789068807,
        -1.170466362494018,
        -0.9925856523806545,
        -0.050097642872576356,
        0.11074271473411855,
        0.07496903310325705,
        -0.0042677384942008826,
        0.9249114905761835,
        0.38015854719878056,
        0.35293119579037396,
        0,
        0,
        0,
        1
      ],
      "fov": 50,
      "aspect": 1
    },
    {
      "camera_to_world": [
        -0.11106814607048088,
        0.3756666321876606,
        -0.9200752406130964,
        -1.1667572289902126,
        -0.993805532359122,
        -0.04552288067408524,
        0.10138161168345744,
        0.05881007526138424,
        -0.003798786762728615,
        0.9256361319632646,
        0.3783957193510748,
        0.3465699423482043,
        0,
        0,
        0,
        1
      ],
      "fov": 50,
      "aspect": 1
    },
    {
      "camera_to_world": [
        -0.10069526095093137,
        0.37444608896926895,
        -0.9217649325493145,
        -1.1630289158416858,
        -0.9949116903404766,
        -0.04101277277004672,
        0.09202543612267329,
        0.042776315662236136,
        -0.0033455710842161743,
        0.9263412324437096,
        0.376670583174197,
        0.34034362599330736,
        0,
        0,
        0,
        1
      ],
      "fov": 50,
      "aspect": 1
    },
    {
      "camera_to_world": [
        -0.09035147573641146,
        0.3732090762442095,
        -0.923337206139337,
        -1.1592808613015213,
        -0.9959056895367895,
        -0.03656740037711871,
        0.08267214027658434,
        0.026871421199951034,
        -0.0029100481962315776,
        0.9270263268314463,
        0.37498496100629464,
        0.3342561988579464,
        0,
        0,
        0,
        1
      ],
      "fov": 50,
      "aspect": 1
    },
    {
      "camera_to_world": [
        -0.08003440703428462,
        0.37195894922765993,
        -0.9247924274020227,
        -1.1555125036228024,
        -0.9967889811385569,
        -0.03218666401202324,
        0.0733194772249158,
        0.01109905876866743,
        -0.002494147435151275,
        0.9276909823584748,
        0.3733406225946214,
        0.3283116130743845,
        0,
        0,
        0,
        1
      ],
      "fov": 50,
      "aspect": 1
    },
    {
      "camera_to_world": [
        -0.06974141845244283,
        0.37069900726874666,
        -0.9261308657863677,
        -1.1517232810586127,
        -0.9975628930157032,
        -0.02787028619777045,
        0.06396500312979878,
        -0.004537104737476233,
        -0.0020997691258963225,
        0.9283347958345739,
        0.3717392874211682,
        0.322513820774885,
        0,
        0,
        0,
        1
      ],
      "fov": 50,
      "aspect": 1
    },
    {
      "camera_to_world": [
        -0.059469625243232294,
        0.36943249043879445,
        -0.9273526830077214,
        -1.1479126318620352,
        -0.9982286185952609,
        -0.023617813704468006,
        0.05460607926978617,
        -0.020033402424342484,
        -0.0017287830478796076,
        0.9289573907795832,
        0.37018262712499383,
        0.31686677409171093,
        0,
        0,
        0,
        1
      ],
      "fov": 50,
      "aspect": 1
    },
    {
      "camera_to_world": [
        -0.049215898551004375,
        0.36816257646254313,
        -0.9284579218372147,
        -1.1440799942861541,
        -0.9987872058482973,
        -0.019428619276352244,
        0.04523987385886468,
        -0.03538616739779135,
        -0.0013830269587683764,
        0.9295584145418062,
        0.3686722679982245,
        0.3113744251571258,
        0,
        0,
        0,
        1
      ],
      "fov": 50,
      "aspect": 1
    },
    {
      "camera_to_world": [
        -0.03897686922878398,
        0.3668923779295856,
        -0.9294464947926245,
        -1.1402248065840528,
        -0.9992395463149241,
        -0.015301902799665784,
        0.03586336363274643,
        -0.050591732763685476,
        -0.0010643051570350533,
        0.9301375354149964,
        0.36720979353313693,
        0.3060407261033926,
        0,
        0,
        0,
        1
      ],
      "fov": 50,
      "aspect": 1
    },
    {
      "camera_to_world": [
        -0.028748931194686005,
        0.3656249397204355,
        -0.9303181726751291,
        -1.1363465070088141,
        -0.9995863640925875,
        -0.01123669186865159,
        0.02647333518863952,
        -0.06564643162788633,
        -0.0007743870636122193,
        0.9306944397654241,
        0.3657967469981095,
        0.3008696290627747,
        0,
        0,
        0,
        1
      ],
      "fov": 50,
      "aspect": 1
    },
    {
      "camera_to_world": [
        -0.018528244303676316,
        0.36436323657868924,
        -0.9310725728926428,
        -1.132444533813522,
        -0.9998282047092126,
        -0.007231841709221896,
        0.017066386068697714,
        -0.08054659709625547,
        -0.0005150058022654068,
        0.9312288291796998,
        0.364434634020463,
        0.29586508616753526,
        0,
        0,
        0,
        1
      ],
      "fov": 50,
      "aspect": 1
    },
    {
      "camera_to_world": [
        -0.008310736715140918,
        0.3631101707575969,
        -0.9317091475066887,
        -1.1285183252512603,
        -0.9999654237991127,
        -0.0032860344218229613,
        0.007638925581509503,
        -0.09528856227465424,
        -0.0002878567575278152,
        0.9317404176433303,
        0.36312492515430517,
        0.2910310495499374,
        0,
        0,
        0,
        1
      ],
      "fov": 50,
      "aspect": 1
    },
    {
      "camera_to_world": [
        0.0019078932584825174,
        0.36186856966590386,
        -0.932227170935962,
        -1.1245673195751116,
        -0.9999981754957827,
        0.0006022224933348122,
        -0.0018128246396667284,
        -0.10986866026894487,
        -0.00009459608817579342,
        0.9322289287594661,
        0.36186905841140754,
        0.2863714713422444,
        0,
        0,
        0,
        1
      ],
      "fov": 50,
      "aspect": 1
    },
    {
      "camera_to_world": [
        0.012142085166891975,
        0.36064083460453705,
        -0.9326257331767889,
        -1.120595713157683,
        -0.9999262801348944,
        0.004438713306456452,
        -0.011301863553235892,
        -0.12430248820794972,
        0.00006374474736992649,
        0.9326942083233528,
        0.36066814344585696,
        0.2818922748786473,
        0,
        0,
        0,
        1
      ],
      "fov": 50,
      "aspect": 1
    },
    {
      "camera_to_world": [
        0.022475130864889347,
        0.3594247009923875,
        -0.9329033995056182,
        -1.116641146591756,
        -0.9997473840419292,
        0.008258708380965941,
        -0.02090363215322778,
        -0.13874200088543043,
        0.0001912953877999147,
        0.9331375450877599,
        0.3595195201288292,
        0.2776103740783804,
        0,
        0,
        0,
        1
      ],
      "fov": 50,
      "aspect": 1
    },
    {
      "camera_to_world": [
        0.03292426144268167,
        0.3582163308735457,
        -0.9330579045825338,
        -1.1127104292054844,
        -0.999457807398825,
        0.012071507790389537,
        -0.03063282437517284,
        -0.1532160245382341,
        0.00029023781208446434,
        0.9335605706086569,
        0.35841955410782417,
        0.27352481078722385,
        0,
        0,
        0,
        1
      ],
      "fov": 50,
      "aspect": 1
    },
    {
      "camera_to_world": [
        0.04348852250272246,
        0.35701217972711297,
        -0.9330868405121926,
        -1.108801848840439,
        -0.999053861134553,
        0.015878946210980682,
        -0.040487548942489154,
        -0.16771903730043186,
        0.0003618876509007968,
        0.9339647544708122,
        0.35736494853805095,
        0.2696306381958331,
        0,
        0,
        0,
        1
      ],
      "fov": 50,
      "aspect": 1
    },
    {
      "camera_to_world": [
        0.05416666244328769,
        0.35580871567130423,
        -0.9329877440417381,
        -1.1049136933381922,
        -0.9985318255126377,
        0.019682687420503976,
        -0.05046568392785583,
        -0.18224551730609384,
        0.0004075759492903376,
        0.9343515129052044,
        0.35635247187805746,
        0.2659229094948641,
        0,
        0,
        0,
        1
      ],
      "fov": 50,
      "aspect": 1
    },
    {
      "camera_to_world": [
        0.06495712339279533,
        0.35460242029552463,
        -0.9327581120746629,
        -1.1010442505403155,
        -0.9978879638423088,
        0.023484219581558715,
        -0.060564866459822245,
        -0.19678994268929142,
        0.00042864808891332484,
        0.9347222127194802,
        0.3553789545113985,
        0.2623966778749721,
        0,
        0,
        0,
        1
      ],
      "fov": 50,
      "aspect": 1
    },
    {
      "camera_to_world": [
        0.07585803247275029,
        0.35338979048083874,
        -0.9323954176706748,
        -1.0971918082883811,
        -0.9971185371052973,
        0.027284850362127498,
        -0.07078248301457447,
        -0.2113467915840943,
        0.0004264626072437301,
        0.9350781747664871,
        0.3544412859769858,
        0.259046996526813,
        0,
        0,
        0,
        1
      ],
      "fov": 50,
      "aspect": 1
    },
    {
      "camera_to_world": [
        0.08686719350993612,
        0.3521673412179497,
        -0.9318971265494854,
        -1.0933546544239607,
        -0.9962198195047477,
        0.031085701978689734,
        -0.08111566037714335,
        -0.22591054212457387,
        0.00040238990455785176,
        0.9354206769747888,
        0.35353641279278775,
        0.2558689186410422,
        0,
        0,
        0,
        1
      ],
      "fov": 50,
      "aspect": 1
    },
    {
      "camera_to_world": [
        0.09798207932296052,
        0.35093160942732404,
        -0.931260714105506,
        -1.089531076788626,
        -0.9951881149325281,
        0.034887706251433,
        -0.09156125736115091,
        -0.2404756724448005,
        0.00035781083027450894,
        0.9357509569630489,
        0.3526613368575409,
        0.2528574974083156,
        0,
        0,
        0,
        1
      ],
      "fov": 50,
      "aspect": 1
    },
    {
      "camera_to_world": [
        0.10919982471210443,
        0.34967915878060385,
        -0.9304836829291177,
        -1.0857193632239486,
